7.909
7.904
7.903
7.925
7.937
7.947
7.952
7.949
7.958
7.976
7.993
8.008
8.021
8.035
8.050
8.065
8.079
8.092
8.104
8.115
8.126
8.137
8.149
8.162
8.176
8.194
8.212
8.228
8.244
8.247
8.251
8.260
8.268
8.280
8.291
8.302
8.312
8.321
8.331
8.338
8.344
8.351
8.361
8.370
8.385
8.400
8.413
8.425
8.438
8.448
8.457
8.466
8.475
8.484
8.493
8.502
8.514
8.525
8.537
8.549
8.562
8.574
8.582
8.589
8.598
8.606
8.611
8.616
8.619
8.617
8.615
8.614
8.616
8.618
8.617
8.614
8.603
8.586
8.569
8.552
8.524
8.496
8.466
8.432
8.397
8.363
8.332
8.300
8.261
8.219
8.177
8.138
8.101
8.065
8.034
8.001
7.964
7.934
7.924
7.915
