0.976
0.974
0.973
0.975
0.98
0.986
0.992
0.998
1.004
1.01
1.016
1.022
1.028
1.034
1.04
1.046
1.052
1.058
1.064
1.07
1.076
1.081
1.086
1.09
1.095
1.1
1.104
1.109
1.114
1.118
1.122
1.125
1.128
1.132
1.135
1.138
1.141
1.144
1.147
1.15
1.153
1.156
1.159
1.161
1.164
1.167
1.17
1.172
1.174
1.177
1.179
1.181
1.183
1.186
1.188
1.19
1.191
1.193
1.195
1.197
1.198
1.2
1.202
1.202
1.203
1.204
1.205
1.206
1.206
1.204
1.202
1.201
1.199
1.197
1.191
1.184
1.177
1.171
1.164
1.157
1.15
1.142
1.134
1.125
1.117
1.109
1.1
1.091
1.081
1.072
1.062
1.05
1.037
1.025
1.014
1.004
0.995
0.985
0.98
0.977
